%YAML:1.0
# projector projection matrix
P: !!opencv-matrix
   rows: 3
   cols: 4
   dt: f
   data: [ -80988., -1.98396472e+03, -2.15272773e+04, 5.53366585e+01,
       2.05948071e+03, -9.54715234e+04, -1.39447129e+04, -2.27914404e+03,
       6.05470943e+00, -6.63798475e+00, -6.23936386e+01, 1. ]
