%YAML:1.0
# projector projection matrix
P: !!opencv-matrix
   rows: 3
   cols: 4
   dt: f
   data: [ -4.73580625e+04, -3.18201721e+02, -1.51016943e+04, 3.62802441e+03,
       1.81994617e+03, -5.09470117e+04, -1.19462871e+04, 6.65164551e+03,
       5.91649151e+00, -1.89210474e+00, -3.20799751e+01, 1. ]
