%YAML:1.0
# projector projection matrix
P: !!opencv-matrix
   rows: 3
   cols: 4
   dt: f
   data: [ -3.14348650e+06, -8.96923984e+04, -8.40953812e+05,
       -4.83261865e+03, 6.65855781e+04, -3.70037875e+06, -529284.,
       -9.17655625e+04, 1.66317520e+02, -2.86750275e+02, -2.36426978e+03,
       1. ]
